1 + 1
a <- 1 +1
b <- a+1
